100
2 1
3 1
4 2
5 1
6 1
7 5
8 3
9 5
10 2
11 1
12 2
13 5
14 10
15 3
16 11
17 5
18 16
19 11
20 6
21 1
22 17
23 13
24 9
25 5
26 1
27 23
28 20
29 17
30 14
31 11
32 8
33 5
34 2
35 33
36 31
37 29
38 27
39 25
40 23
41 21
42 19
43 17
44 15
45 13
46 11
47 9
48 7
49 5
50 3
51 1
52 50
53 49
54 48
55 47
56 46
57 45
58 44
59 43
60 42
61 41
62 40
63 39
64 38
65 37
66 36
67 35
68 34
69 33
70 32
71 31
72 30
73 29
74 28
75 27
76 26
77 25
78 24
79 23
80 22
81 21
82 20
83 19
84 18
85 17
86 16
87 15
88 14
89 13
90 12
91 11
92 10
93 9
94 8
95 7
96 6
97 5
98 4
99 3
100 2
