200
2 1
3 1
4 1
5 2
6 1
7 2
8 2
9 4
10 4
11 8
12 1
13 2
14 2
15 4
16 8
17 16
18 6
19 14
20 9
21 5
22 4
23 9
24 23
25 2
26 13
27 17
28 12
29 6
30 17
31 26
32 22
33 5
34 7
35 29
36 22
37 2
38 11
39 22
40 22
41 9
42 5
43 39
44 25
45 16
46 19
47 45
48 1
49 16
50 21
51 44
52 49
53 24
54 24
55 52
56 22
57 50
58 11
59 1
60 1
61 9
62 16
63 39
64 31
65 26
66 61
67 1
68 35
69 21
70 64
71 34
72 24
73 39
74 5
75 66
76 4
77 6
78 51
79 60
80 46
81 76
82 80
83 62
84 54
85 3
86 73
87 46
88 60
89 24
90 9
91 35
92 70
93 87
94 29
95 47
96 41
97 14
98 44
99 76
100 1
101 26
102 22
103 23
104 85
105 86
106 71
107 38
108 91
109 62
110 22
111 108
112 65
113 11
114 104
115 3
116 65
117 39
118 20
119 114
120 12
121 60
122 58
123 20
124 27
125 39
126 50
127 97
128 74
129 107
130 47
131 109
132 38
133 116
134 1
135 61
136 95
137 104
138 102
139 111
140 30
141 77
142 97
143 105
144 137
145 135
146 9
147 18
148 144
149 136
150 59
151 33
152 38
153 21
154 128
155 55
156 59
157 67
158 126
159 64
160 75
161 87
162 77
163 78
164 152
165 122
166 105
167 153
168 164
169 92
170 94
171 94
172 168
173 150
174 139
175 26
176 25
177 70
178 149
179 36
180 141
181 30
182 155
183 115
184 61
185 156
186 14
187 46
188 1
189 25
190 14
191 40
192 137
193 123
194 10
195 102
196 8
197 165
198 102
199 20
200 172
