2000
2 1
3 1
4 1
5 3
6 4
7 6
8 1
9 4
10 9
11 6
12 2
13 6
14 9
15 1
16 1
17 15
18 7
19 9
20 7
21 13
22 5
23 13
24 12
25 10
26 5
27 12
28 8
29 11
30 8
31 23
32 17
33 29
34 2
35 29
36 19
37 21
38 31
39 14
40 26
41 2
42 35
43 31
44 22
45 8
46 34
47 34
48 22
49 7
50 23
51 20
52 32
53 17
54 6
55 37
56 42
57 24
58 17
59 37
60 25
61 47
62 47
63 7
64 30
65 35
66 32
67 42
68 38
69 61
70 7
71 49
72 61
73 18
74 21
75 35
76 44
77 29
78 56
79 76
80 52
81 21
82 71
83 37
84 80
85 18
86 5
87 45
88 9
89 69
90 61
91 8
92 87
93 11
94 23
95 8
96 48
97 65
98 45
99 84
100 40
101 10
102 57
103 41
104 20
105 69
106 67
107 74
108 14
109 106
110 60
111 17
112 22
113 78
114 104
115 48
116 6
117 85
118 50
119 52
120 101
121 88
122 59
123 10
124 82
125 15
126 113
127 66
128 82
129 96
130 128
131 70
132 69
133 117
134 73
135 17
136 35
137 106
138 77
139 75
140 115
141 131
142 90
143 25
144 17
145 12
146 41
147 26
148 47
149 2
150 7
151 12
152 30
153 65
154 48
155 79
156 122
157 46
158 153
159 9
160 132
161 104
162 124
163 122
164 70
165 13
166 123
167 51
168 48
169 10
170 110
171 64
172 165
173 87
174 77
175 42
176 123
177 55
178 99
179 42
180 53
181 180
182 6
183 4
184 169
185 137
186 148
187 83
188 92
189 9
190 18
191 107
192 79
193 192
194 47
195 21
196 189
197 147
198 175
199 147
200 127
201 92
202 30
203 159
204 31
205 78
206 37
207 175
208 161
209 198
210 160
211 10
212 144
213 47
214 8
215 70
216 89
217 208
218 164
219 26
220 125
221 3
222 127
223 141
224 159
225 112
226 141
227 133
228 148
229 134
230 4
231 195
232 151
233 81
234 28
235 56
236 228
237 225
238 232
239 129
240 193
241 178
242 124
243 38
244 14
245 225
246 140
247 54
248 5
249 117
250 96
251 174
252 215
253 173
254 232
255 57
256 133
257 129
258 79
259 99
260 189
261 219
262 251
263 215
264 37
265 49
266 92
267 45
268 94
269 244
270 128
271 218
272 176
273 115
274 133
275 19
276 176
277 259
278 274
279 38
280 103
281 9
282 90
283 205
284 22
285 102
286 66
287 91
288 26
289 155
290 117
291 23
292 148
293 70
294 292
295 73
296 13
297 115
298 119
299 10
300 168
301 262
302 106
303 251
304 70
305 127
306 267
307 120
308 159
309 128
310 174
311 202
312 82
313 283
314 201
315 5
316 237
317 255
318 64
319 200
320 180
321 101
322 283
323 120
324 170
325 186
326 153
327 213
328 268
329 136
330 111
331 111
332 13
333 112
334 139
335 152
336 33
337 33
338 77
339 329
340 182
341 34
342 268
343 74
344 277
345 172
346 303
347 119
348 327
349 248
350 40
351 170
352 246
353 264
354 37
355 348
356 337
357 136
358 17
359 261
360 75
361 191
362 6
363 217
364 177
365 165
366 108
367 351
368 154
369 175
370 339
371 329
372 355
373 105
374 235
375 219
376 209
377 364
378 343
379 165
380 366
381 200
382 50
383 128
384 283
385 43
386 295
387 332
388 215
389 307
390 106
391 172
392 277
393 288
394 294
395 356
396 11
397 314
398 279
399 330
400 286
401 194
402 129
403 98
404 46
405 350
406 140
407 371
408 332
409 226
410 45
411 141
412 63
413 324
414 93
415 387
416 368
417 343
418 320
419 296
420 272
421 236
422 32
423 14
424 219
425 349
426 352
427 396
428 290
429 178
430 51
431 87
432 166
433 33
434 357
435 240
436 85
437 121
438 256
439 438
440 389
441 278
442 278
443 257
444 89
445 299
446 131
447 83
448 405
449 84
450 369
451 448
452 418
453 338
454 8
455 238
456 393
457 68
458 202
459 395
460 320
461 3
462 28
463 116
464 103
465 277
466 295
467 183
468 378
469 453
470 449
471 452
472 102
473 466
474 417
475 305
476 71
477 302
478 357
479 249
480 272
481 169
482 201
483 132
484 212
485 438
486 281
487 391
488 51
489 5
490 424
491 277
492 137
493 114
494 34
495 486
496 425
497 53
498 321
499 161
500 357
501 203
502 425
503 370
504 398
505 3
506 140
507 57
508 102
509 72
510 402
511 439
512 337
513 94
514 58
515 104
516 184
517 448
518 357
519 136
520 63
521 313
522 462
523 450
524 342
525 221
526 353
527 239
528 45
529 10
530 93
531 314
532 151
533 202
534 46
535 255
536 279
537 308
538 52
539 209
540 5
541 386
542 44
543 52
544 1
545 125
546 208
547 38
548 223
549 71
550 222
551 400
552 95
553 48
554 384
555 124
556 540
557 160
558 464
559 424
560 449
561 267
562 480
563 130
564 257
565 299
566 295
567 226
568 64
569 98
570 232
571 112
572 29
573 96
574 202
575 564
576 152
577 459
578 66
579 396
580 7
581 355
582 181
583 3
584 527
585 561
586 462
587 448
588 35
589 290
590 539
591 236
592 89
593 209
594 136
595 219
596 204
597 85
598 519
599 184
600 430
601 472
602 385
603 197
604 228
605 21
606 251
607 533
608 475
609 275
610 78
611 479
612 378
613 473
614 449
615 528
616 459
617 85
618 124
619 578
620 319
621 32
622 548
623 25
624 61
625 404
626 329
627 88
628 405
629 477
630 527
631 57
632 59
633 532
634 453
635 528
636 236
637 389
638 561
639 433
640 408
641 411
642 22
643 517
644 233
645 513
646 161
647 14
648 342
649 155
650 510
651 315
652 434
653 25
654 10
655 455
656 49
657 395
658 337
659 79
660 597
661 19
662 16
663 212
664 27
665 398
666 284
667 122
668 446
669 317
670 598
671 586
672 386
673 331
674 444
675 600
676 613
677 639
678 145
679 669
680 68
681 188
682 15
683 168
684 597
685 542
686 405
687 248
688 341
689 175
690 201
691 604
692 199
693 178
694 572
695 583
696 42
697 320
698 248
699 627
700 22
701 561
702 80
703 542
704 337
705 76
706 539
707 76
708 408
709 313
710 544
711 182
712 214
713 63
714 285
715 345
716 349
717 147
718 85
719 682
720 679
721 55
722 430
723 245
724 648
725 198
726 282
727 154
728 385
729 383
730 31
731 13
732 42
733 61
734 238
735 589
736 503
737 390
738 347
739 235
740 527
741 270
742 545
743 321
744 361
745 709
746 482
747 288
748 193
749 271
750 25
751 380
752 115
753 684
754 329
755 574
756 156
757 13
758 602
759 303
760 433
761 421
762 85
763 38
764 665
765 79
766 669
767 350
768 110
769 96
770 360
771 567
772 534
773 124
774 440
775 200
776 598
777 662
778 80
779 183
780 430
781 755
782 669
783 546
784 333
785 101
786 473
787 239
788 537
789 388
790 708
791 614
792 410
793 642
794 134
795 624
796 345
797 190
798 753
799 561
800 249
801 290
802 141
803 342
804 677
805 19
806 595
807 321
808 727
809 449
810 728
811 124
812 85
813 294
814 295
815 462
816 350
817 219
818 25
819 202
820 581
821 778
822 728
823 5
824 610
825 422
826 194
827 214
828 458
829 368
830 242
831 738
832 778
833 150
834 222
835 422
836 177
837 301
838 833
839 421
840 4
841 198
842 276
843 210
844 262
845 357
846 403
847 584
848 737
849 54
850 299
851 422
852 370
853 705
854 461
855 644
856 458
857 712
858 264
859 248
860 37
861 397
862 825
863 159
864 461
865 353
866 485
867 826
868 151
869 531
870 420
871 272
872 216
873 774
874 569
875 115
876 513
877 23
878 170
879 398
880 647
881 765
882 315
883 513
884 177
885 417
886 60
887 416
888 215
889 32
890 381
891 221
892 508
893 82
894 603
895 676
896 553
897 814
898 157
899 338
900 225
901 476
902 46
903 161
904 765
905 441
906 843
907 598
908 773
909 269
910 390
911 506
912 371
913 73
914 605
915 754
916 65
917 59
918 823
919 723
920 843
921 359
922 54
923 820
924 324
925 179
926 85
927 607
928 160
929 451
930 318
931 799
932 170
933 317
934 189
935 308
936 34
937 559
938 825
939 407
940 828
941 802
942 828
943 774
944 479
945 609
946 801
947 899
948 468
949 703
950 217
951 196
952 209
953 909
954 801
955 685
956 853
957 903
958 368
959 724
960 518
961 232
962 514
963 708
964 368
965 133
966 543
967 74
968 378
969 254
970 456
971 581
972 437
973 491
974 689
975 682
976 204
977 318
978 704
979 387
980 460
981 28
982 50
983 858
984 304
985 273
986 399
987 868
988 811
989 907
990 8
991 49
992 706
993 486
994 774
995 777
996 914
997 142
998 493
999 271
1000 949
1001 153
1002 357
1003 348
1004 56
1005 696
1006 975
1007 362
1008 200
1009 967
1010 427
1011 647
1012 822
1013 279
1014 848
1015 753
1016 1002
1017 300
1018 17
1019 757
1020 565
1021 235
1022 238
1023 312
1024 857
1025 645
1026 592
1027 898
1028 965
1029 172
1030 399
1031 987
1032 64
1033 342
1034 787
1035 671
1036 935
1037 880
1038 106
1039 495
1040 161
1041 1029
1042 934
1043 655
1044 452
1045 607
1046 138
1047 503
1048 263
1049 821
1050 429
1051 822
1052 555
1053 649
1054 642
1055 324
1056 533
1057 524
1058 1022
1059 456
1060 619
1061 308
1062 820
1063 1057
1064 33
1065 741
1066 1030
1067 500
1068 283
1069 120
1070 706
1071 759
1072 705
1073 463
1074 965
1075 1028
1076 491
1077 857
1078 259
1079 797
1080 488
1081 149
1082 144
1083 482
1084 99
1085 928
1086 889
1087 249
1088 391
1089 68
1090 862
1091 906
1092 486
1093 106
1094 704
1095 414
1096 453
1097 104
1098 550
1099 862
1100 360
1101 435
1102 200
1103 1093
1104 908
1105 558
1106 450
1107 790
1108 1093
1109 708
1110 1050
1111 312
1112 246
1113 43
1114 931
1115 134
1116 429
1117 230
1118 343
1119 279
1120 97
1121 756
1122 660
1123 254
1124 525
1125 857
1126 757
1127 852
1128 320
1129 972
1130 1128
1131 583
1132 1049
1133 6
1134 857
1135 602
1136 299
1137 810
1138 537
1139 723
1140 917
1141 1085
1142 507
1143 526
1144 111
1145 32
1146 491
1147 306
1148 658
1149 924
1150 85
1151 992
1152 417
1153 229
1154 950
1155 945
1156 876
1157 910
1158 273
1159 1076
1160 945
1161 92
1162 208
1163 190
1164 649
1165 152
1166 579
1167 163
1168 779
1169 906
1170 327
1171 546
1172 505
1173 16
1174 15
1175 758
1176 455
1177 356
1178 707
1179 593
1180 1048
1181 497
1182 929
1183 1044
1184 1088
1185 1023
1186 551
1187 151
1188 126
1189 224
1190 1015
1191 936
1192 850
1193 565
1194 617
1195 245
1196 384
1197 26
1198 1120
1199 371
1200 776
1201 103
1202 146
1203 153
1204 507
1205 984
1206 477
1207 552
1208 422
1209 574
1210 481
1211 189
1212 121
1213 814
1214 258
1215 465
1216 718
1217 297
1218 137
1219 112
1220 1037
1221 756
1222 1051
1223 282
1224 1056
1225 1122
1226 302
1227 354
1228 747
1229 116
1230 449
1231 600
1232 288
1233 664
1234 1146
1235 966
1236 679
1237 1210
1238 961
1239 598
1240 1055
1241 422
1242 236
1243 1188
1244 389
1245 574
1246 324
1247 451
1248 616
1249 683
1250 200
1251 1002
1252 242
1253 133
1254 115
1255 444
1256 487
1257 1249
1258 998
1259 745
1260 90
1261 201
1262 149
1263 835
1264 154
1265 982
1266 761
1267 23
1268 209
1269 833
1270 14
1271 1040
1272 280
1273 286
1274 156
1275 100
1276 1011
1277 650
1278 224
1279 279
1280 353
1281 206
1282 421
1283 211
1284 425
1285 416
1286 1038
1287 192
1288 930
1289 914
1290 750
1291 68
1292 1259
1293 634
1294 200
1295 553
1296 804
1297 136
1298 859
1299 28
1300 1036
1301 366
1302 1141
1303 430
1304 629
1305 283
1306 419
1307 1201
1308 364
1309 321
1310 533
1311 603
1312 873
1313 730
1314 1210
1315 761
1316 252
1317 941
1318 269
1319 540
1320 278
1321 934
1322 433
1323 686
1324 141
1325 6
1326 632
1327 962
1328 792
1329 663
1330 1182
1331 1204
1332 94
1333 964
1334 1132
1335 440
1336 24
1337 752
1338 743
1339 660
1340 293
1341 976
1342 1071
1343 401
1344 772
1345 982
1346 797
1347 475
1348 572
1349 299
1350 1337
1351 166
1352 1048
1353 733
1354 331
1355 452
1356 363
1357 569
1358 411
1359 1057
1360 148
1361 507
1362 1307
1363 1117
1364 595
1365 108
1366 833
1367 1064
1368 307
1369 907
1370 1006
1371 937
1372 1194
1373 943
1374 1018
1375 681
1376 571
1377 107
1378 605
1379 879
1380 637
1381 763
1382 271
1383 1318
1384 739
1385 702
1386 130
1387 124
1388 1001
1389 369
1390 549
1391 1060
1392 512
1393 59
1394 773
1395 374
1396 1009
1397 1393
1398 793
1399 339
1400 279
1401 108
1402 937
1403 381
1404 991
1405 753
1406 111
1407 979
1408 1183
1409 1216
1410 735
1411 938
1412 865
1413 224
1414 286
1415 195
1416 635
1417 34
1418 104
1419 273
1420 616
1421 1420
1422 673
1423 651
1424 740
1425 528
1426 105
1427 219
1428 688
1429 692
1430 298
1431 173
1432 558
1433 116
1434 1135
1435 663
1436 58
1437 783
1438 249
1439 909
1440 178
1441 1246
1442 1018
1443 1051
1444 321
1445 39
1446 443
1447 1025
1448 202
1449 680
1450 1144
1451 1211
1452 971
1453 1146
1454 155
1455 1374
1456 695
1457 481
1458 976
1459 95
1460 650
1461 933
1462 127
1463 969
1464 785
1465 243
1466 1217
1467 1359
1468 1292
1469 200
1470 152
1471 1085
1472 646
1473 1101
1474 1298
1475 152
1476 478
1477 927
1478 411
1479 1219
1480 485
1481 945
1482 1044
1483 986
1484 1344
1485 1388
1486 449
1487 1464
1488 720
1489 663
1490 760
1491 1428
1492 1183
1493 911
1494 203
1495 852
1496 1400
1497 1240
1498 1412
1499 1213
1500 266
1501 1429
1502 936
1503 687
1504 993
1505 372
1506 356
1507 1035
1508 27
1509 509
1510 1176
1511 1408
1512 964
1513 805
1514 1215
1515 1104
1516 1382
1517 1034
1518 850
1519 1279
1520 1204
1521 1257
1522 431
1523 330
1524 914
1525 1355
1526 1441
1527 1102
1528 901
1529 260
1530 45
1531 843
1532 834
1533 1277
1534 470
1535 234
1536 841
1537 1339
1538 1166
1539 860
1540 379
1541 113
1542 673
1543 908
1544 516
1545 147
1546 454
1547 1253
1548 442
1549 287
1550 591
1551 262
1552 126
1553 864
1554 1222
1555 871
1556 127
1557 12
1558 1486
1559 1241
1560 177
1561 1078
1562 486
1563 779
1564 960
1565 1245
1566 1402
1567 72
1568 1031
1569 1196
1570 347
1571 943
1572 20
1573 310
1574 662
1575 287
1576 679
1577 491
1578 1513
1579 1373
1580 1503
1581 260
1582 400
1583 1570
1584 433
1585 787
1586 305
1587 1360
1588 106
1589 375
1590 1034
1591 336
1592 902
1593 1279
1594 1277
1595 1016
1596 1574
1597 1520
1598 178
1599 28
1600 1598
1601 1420
1602 804
1603 451
1604 20
1605 1152
1606 362
1607 396
1608 933
1609 1478
1610 573
1611 439
1612 1319
1613 1432
1614 814
1615 1383
1616 456
1617 1387
1618 987
1619 303
1620 668
1621 523
1622 141
1623 140
1624 1356
1625 1022
1626 1513
1627 11
1628 326
1629 487
1630 495
1631 773
1632 161
1633 1318
1634 1440
1635 715
1636 1214
1637 265
1638 1141
1639 1304
1640 1065
1641 492
1642 309
1643 241
1644 445
1645 892
1646 1490
1647 1491
1648 38
1649 640
1650 140
1651 947
1652 1534
1653 661
1654 1232
1655 1521
1656 1187
1657 692
1658 366
1659 674
1660 1165
1661 1614
1662 1428
1663 1197
1664 1163
1665 1088
1666 1431
1667 775
1668 869
1669 354
1670 933
1671 995
1672 437
1673 1268
1674 591
1675 2
1676 1034
1677 1547
1678 221
1679 746
1680 981
1681 489
1682 1625
1683 919
1684 610
1685 49
1686 87
1687 1522
1688 1657
1689 1361
1690 1221
1691 1690
1692 1581
1693 920
1694 1459
1695 102
1696 439
1697 1346
1698 602
1699 1192
1700 1569
1701 698
1702 583
1703 1094
1704 137
1705 223
1706 1000
1707 757
1708 201
1709 1422
1710 1162
1711 222
1712 1396
1713 1151
1714 595
1715 1087
1716 24
1717 750
1718 537
1719 593
1720 164
1721 1356
1722 380
1723 1609
1724 646
1725 942
1726 1095
1727 83
1728 562
1729 789
1730 1186
1731 1190
1732 1482
1733 1651
1734 988
1735 773
1736 457
1737 437
1738 126
1739 1286
1740 452
1741 1305
1742 1455
1743 228
1744 480
1745 1433
1746 1127
1747 1289
1748 734
1749 1153
1750 558
1751 1028
1752 827
1753 662
1754 783
1755 703
1756 725
1757 1119
1758 1479
1759 465
1760 318
1761 385
1762 1141
1763 897
1764 1125
1765 1577
1766 1248
1767 842
1768 252
1769 1692
1770 106
1771 759
1772 572
1773 1363
1774 60
1775 757
1776 1100
1777 1696
1778 128
1779 555
1780 686
1781 1565
1782 1390
1783 1281
1784 869
1785 1662
1786 598
1787 352
1788 1173
1789 636
1790 1326
1791 1740
1792 1581
1793 973
1794 1545
1795 1619
1796 705
1797 117
1798 806
1799 1043
1800 288
1801 1791
1802 1252
1803 4
1804 1364
1805 984
1806 67
1807 1563
1808 685
1809 603
1810 1358
1811 1783
1812 1109
1813 591
1814 1145
1815 1124
1816 99
1817 365
1818 1184
1819 760
1820 79
1821 233
1822 548
1823 873
1824 697
1825 417
1826 1755
1827 207
1828 514
1829 1195
1830 1822
1831 460
1832 605
1833 1284
1834 637
1835 167
1836 998
1837 454
1838 1366
1839 691
1840 329
1841 99
1842 1515
1843 642
1844 225
1845 1338
1846 1757
1847 1131
1848 1386
1849 1490
1850 1603
1851 1596
1852 220
1853 973
1854 724
1855 1654
1856 676
1857 1511
1858 23
1859 1379
1860 1191
1861 742
1862 936
1863 1461
1864 706
1865 36
1866 1312
1867 387
1868 707
1869 950
1870 964
1871 1279
1872 889
1873 800
1874 989
1875 1287
1876 1228
1877 723
1878 1366
1879 1660
1880 601
1881 1422
1882 1596
1883 1856
1884 655
1885 316
1886 477
1887 843
1888 793
1889 1412
1890 1655
1891 970
1892 1181
1893 1502
1894 1872
1895 391
1896 19
1897 1094
1898 290
1899 846
1900 683
1901 283
1902 979
1903 859
1904 184
1905 889
1906 1537
1907 448
1908 1269
1909 1097
1910 516
1911 1618
1912 389
1913 1248
1914 583
1915 91
1916 279
1917 1611
1918 1824
1919 274
1920 1385
1921 867
1922 110
1923 644
1924 1462
1925 1801
1926 143
1927 1636
1928 1398
1929 763
1930 492
1931 1680
1932 476
1933 855
1934 510
1935 1039
1936 503
1937 1559
1938 1776
1939 404
1940 1082
1941 693
1942 683
1943 823
1944 423
1945 1065
1946 1592
1947 1588
1948 1045
1949 974
1950 746
1951 551
1952 882
1953 1514
1954 1593
1955 1752
1956 495
1957 1369
1958 1931
1959 1447
1960 256
1961 1162
1962 278
1963 71
1964 127
1965 974
1966 288
1967 1419
1968 1748
1969 81
1970 1193
1971 1533
1972 910
1973 1031
1974 660
1975 1184
1976 1380
1977 681
1978 1157
1979 725
1980 218
1981 408
1982 1822
1983 174
1984 1540
1985 1729
1986 1052
1987 272
1988 16
1989 318
1990 1856
1991 691
1992 773
1993 932
1994 1314
1995 287
1996 111
1997 473
1998 1926
1999 1511
2000 1972
